0 0 0
0.998608066746 0.007083884507 -0.052266122966 0.661961143926
-0.012520503708 0.994452747945 -0.104436435653 0.653859147373
0.051236373960 0.104945465291 0.993157229898 -4.762834204582
0.000000000000 0.000000000000 0.000000000000 1.000000000000
1 1 0
0.998587615979 0.007330246359 -0.052621675214 0.806640552553
-0.012686053513 0.994685097069 -0.102179360516 0.653817460888
0.051592996233 0.102702605407 0.993373211629 -4.708824975447
0.000000000000 0.000000000000 0.000000000000 1.000000000000
2 2 0
0.995232694867 0.008463346004 -0.097160973860 1.078173186285
-0.017384951756 0.995667328603 -0.091347327296 0.616149190808
0.095966903251 0.092600985557 0.991067813499 -4.492520157452
0.000000000000 0.000000000000 0.000000000000 1.000000000000
3 3 0
0.970119197666 0.014655711553 -0.242185780837 1.494680835009
-0.036153437219 0.995762179680 -0.084561282485 0.569178621154
0.239920135249 0.090790371941 0.966537861165 -4.246670337041
0.000000000000 0.000000000000 0.000000000000 1.000000000000
4 4 0
0.920576747152 0.023406850872 -0.389859682368 1.920427893712
-0.057614846510 0.995420314655 -0.076281889287 0.567372104932
0.386288728887 0.092685039267 0.917709377434 -3.919140965392
0.000000000000 0.000000000000 0.000000000000 1.000000000000
5 5 0
0.880695926649 0.026151565016 -0.472959597038 2.404797111403
-0.069294450653 0.994846050673 -0.074024418732 0.581043563323
0.468586132842 0.097966479508 0.877969022803 -3.516536950953
0.000000000000 0.000000000000 0.000000000000 1.000000000000
6 6 0
0.816793940922 0.046114241900 -0.575083589374 2.866582753518
-0.083858683320 0.995703866010 -0.039262354045 0.581985460288
0.570802399526 0.080295005495 0.817151964317 -3.144847949712
0.000000000000 0.000000000000 0.000000000000 1.000000000000
7 7 0
0.738279146391 0.096888496543 -0.667500203178 3.303350777496
-0.094407492505 0.994730995424 0.039968388781 0.514332464597
0.667855618651 0.033509192476 0.743536150201 -2.728651287617
0.000000000000 0.000000000000 0.000000000000 1.000000000000
8 8 0
0.597055492156 0.129664452835 -0.791651355684 3.600942745799
-0.107640023804 0.990875418196 0.081114307554 0.486110148046
0.794945510435 0.036783627953 0.605564695267 -2.327643374933
0.000000000000 0.000000000000 0.000000000000 1.000000000000
9 9 0
0.473366426332 0.178503092929 -0.862589631421 3.927760847839
-0.118566124873 0.983252556731 0.138406949658 0.404294598530
0.872849529102 0.036756706814 0.486603168969 -1.927813280824
0.000000000000 0.000000000000 0.000000000000 1.000000000000
10 10 0
0.346955884543 0.200054696161 -0.916296749271 4.224397334348
-0.125976883918 0.978072879508 0.165841089868 0.324860665694
0.929382288888 0.057892667189 0.364550408293 -1.494718541401
0.000000000000 0.000000000000 0.000000000000 1.000000000000
11 11 0
0.216752806752 0.210250951254 -0.953316714561 4.312679540549
-0.130904446558 0.973972807276 0.185043228890 0.239104310790
0.967410071602 0.084684757681 0.238634124090 -0.885910170513
0.000000000000 0.000000000000 0.000000000000 1.000000000000
12 12 0
0.087574730380 0.214068997448 -0.972884952567 4.324397006624
-0.130496648491 0.970686277250 0.201838489620 0.157568854824
0.987573435918 0.109282274368 0.112942875727 -0.250484749445
0.000000000000 0.000000000000 0.000000000000 1.000000000000
13 13 0
-0.093894196032 0.208556424468 -0.973492731234 4.181370010158
-0.126236918639 0.967426299653 0.219432438604 0.080140692730
0.987546515524 0.143494155115 -0.064508194239 0.342701701335
0.000000000000 0.000000000000 0.000000000000 1.000000000000
14 14 0
-0.225978684110 0.200268212989 -0.953323805008 4.145841509903
-0.124565239106 0.964664166391 0.232177835478 0.026113492998
0.966135153865 0.171218249457 -0.193047081093 0.930247276407
0.000000000000 0.000000000000 0.000000000000 1.000000000000
15 15 0
-0.344067626393 0.192630698195 -0.918972732230 3.979353520546
-0.119835280424 0.961716335272 0.246457290494 -0.040367557031
0.931266328197 0.194923330016 -0.307811503003 1.431272157065
0.000000000000 0.000000000000 0.000000000000 1.000000000000
16 16 0
-0.469524009466 0.178140000773 -0.864762016198 3.784441030035
-0.109488831689 0.960126960859 0.257232219534 -0.125867012783
0.876104674266 0.215458485922 -0.431298319698 1.929825254900
0.000000000000 0.000000000000 0.000000000000 1.000000000000
17 17 0
-0.565967628112 0.140289257290 -0.812403574720 3.498961946848
-0.101087246226 0.966170972404 0.237265717570 -0.174459367888
0.818206583070 0.216408355598 -0.532640038908 2.333774550574
0.000000000000 0.000000000000 0.000000000000 1.000000000000
18 18 0
-0.623661788169 0.125376857121 -0.771574116774 3.379773555315
-0.095413290650 0.967463506757 0.234330252126 -0.198700285045
0.775849391277 0.219761249525 -0.591407402103 2.830767445234
0.000000000000 0.000000000000 0.000000000000 1.000000000000
19 19 0
-0.658016149231 0.127123854171 -0.742195576012 3.211778469334
-0.088069518815 0.965889354077 0.243519024998 -0.262017091928
0.747835882535 0.225604258340 -0.624375056687 3.271089849166
0.000000000000 0.000000000000 0.000000000000 1.000000000000
20 20 0
-0.735045012642 0.123659563977 -0.666646189239 3.060101379581
-0.069997989542 0.964133341723 0.256021836644 -0.320638415416
0.674395366866 0.234851467136 -0.700025483489 3.804120691284
0.000000000000 0.000000000000 0.000000000000 1.000000000000
21 21 0
-0.801466177220 0.117388557723 -0.586405911709 2.655220935755
-0.055246312949 0.961820296159 0.268047687551 -0.361083653154
0.595482839112 0.247227919968 -0.764381150939 4.199455607138
0.000000000000 0.000000000000 0.000000000000 1.000000000000
22 22 0
-0.863299290397 0.104749609503 -0.493702192125 2.222038064207
-0.040613891114 0.960632558914 0.274837403937 -0.400542413504
0.503055510902 0.257318102867 -0.825059117208 4.658498574255
0.000000000000 0.000000000000 0.000000000000 1.000000000000
23 23 0
-0.896858070739 0.096726302917 -0.431612816392 1.625412873195
-0.032066765155 0.959010404208 0.281550647651 -0.421648208570
0.441154534741 0.266351397489 -0.856994521297 4.948658640693
0.000000000000 0.000000000000 0.000000000000 1.000000000000
24 24 0
-0.947971955192 0.079177328500 -0.308350649134 1.136319004130
-0.013537776599 0.957676318506 0.287528776956 -0.449080973212
0.318065874898 0.276743599067 -0.906778407110 5.250853531256
0.000000000000 0.000000000000 0.000000000000 1.000000000000
25 25 0
-0.973414588855 0.061959845279 -0.220510806487 0.575706884395
-0.005175252174 0.956522606095 0.291612278195 -0.448563143283
0.228991822932 0.285000844915 -0.930772401518 5.285377483353
0.000000000000 0.000000000000 0.000000000000 1.000000000000
26 26 0
-0.995303344894 0.040312478448 -0.088012247578 -0.078084112371
0.013084674994 0.956847235536 0.290296674331 -0.470511603685
0.095916854216 0.287781639318 -0.952880729760 5.417243300385
0.000000000000 0.000000000000 0.000000000000 1.000000000000
27 27 0
-0.999609422346 0.018587796627 0.020868554639 -0.716217546933
0.023819449712 0.957230246009 0.288345088289 -0.439027348485
-0.014616311831 0.288729544629 -0.957299124353 5.312375602773
0.000000000000 0.000000000000 0.000000000000 1.000000000000
28 28 0
-0.987231893253 -0.006469702864 0.159158197680 -1.302017047591
0.039309590271 0.958376479360 0.282788401323 -0.402716419114
-0.154363030084 0.285434172367 -0.945885504799 5.237522246123
0.000000000000 0.000000000000 0.000000000000 1.000000000000
29 29 0
-0.947441329265 -0.036480660662 0.317842868410 -1.812833160363
0.055395228785 0.959766028612 0.275282652831 -0.374447401063
-0.315097280581 0.278421140935 -0.907301147388 4.943971276374
0.000000000000 0.000000000000 0.000000000000 1.000000000000
30 30 0
-0.891505585981 -0.063245936593 0.448573005952 -2.437076644724
0.066094758673 0.961450412820 0.266916815812 -0.339144391910
-0.448162105761 0.267606156864 -0.852958188757 4.717229782590
0.000000000000 0.000000000000 0.000000000000 1.000000000000
31 31 0
-0.839095782152 -0.085373396296 0.537242637530 -2.920437837008
0.071824027651 0.961574422979 0.264982901571 -0.280862040842
-0.539221269450 0.260932965104 -0.800721181370 4.352708172500
0.000000000000 0.000000000000 0.000000000000 1.000000000000
32 32 0
-0.761138397498 -0.104880191264 0.640053501932 -3.483154857456
0.082976173436 0.962984044221 0.256469657499 -0.256469447208
-0.643259896540 0.248318094501 -0.724261575294 4.060160508802
0.000000000000 0.000000000000 0.000000000000 1.000000000000
33 33 0
-0.677209290273 -0.122208312930 0.725570606777 -3.810505238571
0.091446615612 0.964485613297 0.247800359639 -0.195001397463
-0.730085675562 0.234163682058 -0.641983081042 3.674717630709
0.000000000000 0.000000000000 0.000000000000 1.000000000000
34 34 0
-0.573948620703 -0.139796793967 0.806870396774 -4.183401866444
0.098158407527 0.966471457095 0.237271678994 -0.137212246394
-0.812987028079 0.215382866119 -0.540982729075 3.323681598288
0.000000000000 0.000000000000 0.000000000000 1.000000000000
35 35 0
-0.456105847135 -0.157671581257 0.875846521186 -4.423452846028
0.104432718433 0.967896438846 0.228626969077 -0.058698180289
-0.883776704564 0.195745130546 -0.424997153329 2.979674964969
0.000000000000 0.000000000000 0.000000000000 1.000000000000
36 36 0
-0.300431389623 -0.174130063039 0.937773800698 -4.743529077449
0.110309726625 0.970253205795 0.215500535628 -0.000266607816
-0.947403158292 0.168188696975 -0.272286279252 2.561686245427
0.000000000000 0.000000000000 0.000000000000 1.000000000000
37 37 0
-0.186656918296 -0.189779463657 0.963920613965 -4.875411970419
0.107455050002 0.971333872979 0.212046974589 0.080761897992
-0.976530904314 0.143158172583 -0.160913425610 2.004945269359
0.000000000000 0.000000000000 0.000000000000 1.000000000000
38 38 0
-0.052109043240 -0.199631713043 0.978484454021 -4.578193420712
0.109098434204 0.972813091726 0.204284654882 0.116481999222
-0.992664182524 0.117396199742 -0.028912852151 1.570783068962
0.000000000000 0.000000000000 0.000000000000 1.000000000000
39 39 0
0.105968746092 -0.206339563732 0.972725351418 -4.076577013883
0.105056705485 0.975081575886 0.195394495832 0.109735197140
-0.988804183590 0.081485611045 0.125005526711 1.270255108078
0.000000000000 0.000000000000 0.000000000000 1.000000000000
40 40 0
0.173823230899 -0.232240406020 0.957000458836 -3.660948676244
0.098373270888 0.971028313971 0.217776750460 0.101350451657
-0.979851102961 0.056288606998 0.191633527201 0.988933159050
0.000000000000 0.000000000000 0.000000000000 1.000000000000
41 41 0
0.217528113825 -0.251277982616 0.943154756733 -3.388823150690
0.095959147223 0.967118015315 0.235530436500 0.060344008371
-0.971325569395 0.039269834555 0.234487778645 0.578111071008
0.000000000000 0.000000000000 0.000000000000 1.000000000000
42 42 0
0.227796023039 -0.254820346341 0.939774208509 -3.444698077043
0.097960583733 0.966249810773 0.238254123189 0.076990909477
-0.968768649329 0.037787488308 0.245070214031 0.080568277741
0.000000000000 0.000000000000 0.000000000000 1.000000000000
43 43 0
0.237353091479 -0.259075977678 0.936238830510 -3.503315825466
0.105482892736 0.964955228151 0.240280600557 0.160034476971
-0.965679485805 0.041725836769 0.256363190104 -0.473717298059
0.000000000000 0.000000000000 0.000000000000 1.000000000000
44 44 0
0.246378019971 -0.261530077806 0.933220172134 -3.379754400842
0.113601497095 0.964058105831 0.240180491379 0.185965549337
-0.962492894069 0.046840014772 0.267232935625 -1.079206731720
0.000000000000 0.000000000000 0.000000000000 1.000000000000
45 45 0
0.278003525123 -0.257704239551 0.925366178838 -3.058623567591
0.121381736735 0.965043454721 0.232287762240 0.203603800147
-0.952880115233 0.047745737158 0.299566070470 -1.504031475021
0.000000000000 0.000000000000 0.000000000000 1.000000000000
46 46 0
0.429400190796 -0.182342505667 0.884514944346 -2.828111952397
0.127301807725 0.981847188319 0.140607071445 0.195248591071
-0.894097156854 0.052223648070 0.444817900593 -1.842486048494
0.000000000000 0.000000000000 0.000000000000 1.000000000000
47 47 0
0.548922006896 -0.094056292999 0.830564894571 -2.552546142385
0.110341031362 0.993107022739 0.039538565796 0.236065763920
-0.828558680567 0.069941798194 0.555516568359 -2.160188700804
0.000000000000 0.000000000000 0.000000000000 1.000000000000
48 48 0
0.622818676303 -0.071360856399 0.779104950968 -2.188315342561
0.095095889679 0.995352859803 0.015147813332 0.225454580082
-0.776565301964 0.064655337417 0.626710474724 -2.373775710214
0.000000000000 0.000000000000 0.000000000000 1.000000000000
49 49 0
0.719098683777 -0.055469831709 0.692690537513 -1.743368526075
0.080510366224 0.996746674108 -0.003761460525 0.257051213980
-0.690228341869 0.058473630168 0.721225117876 -2.661168074534
0.000000000000 0.000000000000 0.000000000000 1.000000000000
50 50 0
0.805155243211 -0.039146857419 0.591770697047 -1.271703062473
0.063203867841 0.997800461199 -0.019987764273 0.248215680308
-0.589686616280 0.053495450133 0.805858505816 -2.700590322234
0.000000000000 0.000000000000 0.000000000000 1.000000000000
51 51 0
0.861392698157 -0.028553545146 0.507136386607 -0.719190495084
0.051152279486 0.998219472483 -0.030681086352 0.268146642216
-0.505357362531 0.052369645941 0.861319543677 -2.861708736162
0.000000000000 0.000000000000 0.000000000000 1.000000000000
52 52 0
0.929787169433 -0.013501340358 0.367849878846 -0.230449579215
0.032447570390 0.998443188711 -0.045369087414 0.312513830953
-0.366664662511 0.054119430203 0.928777751962 -2.965960341075
0.000000000000 0.000000000000 0.000000000000 1.000000000000
53 53 0
0.984461427872 0.004455600676 0.175544423596 -0.045378422609
0.005631727701 0.998362684563 -0.056923050820 0.416768744594
-0.175510628385 0.057027166282 0.982824461249 -3.338141190307
0.000000000000 0.000000000000 0.000000000000 1.000000000000
54 54 0
0.999803768611 0.019776354387 -0.001148946537 0.084412044266
-0.019809656219 0.997994529782 -0.060120679013 0.439512102515
-0.000042325496 0.060131641684 0.998190454711 -3.577396061552
0.000000000000 0.000000000000 0.000000000000 1.000000000000
55 55 0
0.982818954379 0.032916984256 -0.181613256843 0.369633558505
-0.044525168584 0.997191960204 -0.060213817905 0.460786159148
0.179121222294 0.067265642430 0.981524793916 -3.685496334715
0.000000000000 0.000000000000 0.000000000000 1.000000000000
56 56 0
0.973267589434 0.033013096159 -0.227289099692 0.857038748240
-0.048234786218 0.996925814405 -0.061744035914 0.471377583361
0.224552009021 0.071056710130 0.971867963867 -3.743515307030
0.000000000000 0.000000000000 0.000000000000 1.000000000000
57 57 0
0.962878847834 0.030536842012 -0.268201091858 1.302813701927
-0.048314351092 0.997032352847 -0.059935055307 0.436340137603
0.265574938336 0.070668158714 0.961496730869 -3.487301674832
0.000000000000 0.000000000000 0.000000000000 1.000000000000
58 58 0
0.953447844246 0.024559775371 -0.300556193975 1.754700041000
-0.046086951793 0.996837058405 -0.064744666687 0.384221046797
0.298015437817 0.075582381702 0.951564029584 -3.255995948142
0.000000000000 0.000000000000 0.000000000000 1.000000000000
59 59 0
0.937944416951 0.009964302488 -0.346642443142 2.329767521399
-0.045558831491 0.994464065211 -0.094686936150 0.357030708437
0.343779963908 0.104603707775 0.933205979800 -2.986807377077
0.000000000000 0.000000000000 0.000000000000 1.000000000000
60 60 0
0.898934187718 0.004138807046 -0.438064146477 2.878702156083
-0.052380104462 0.993797336131 -0.098097805048 0.315008035825
0.434940973937 0.111129316451 0.893575192256 -2.725095084476
0.000000000000 0.000000000000 0.000000000000 1.000000000000
61 61 0
0.809572434625 0.006084637254 -0.586988458392 3.208272026714
-0.069866084236 0.993837465815 -0.086057084636 0.283892882383
0.582847495808 0.110680028605 0.805008526600 -2.332741765113
0.000000000000 0.000000000000 0.000000000000 1.000000000000
62 62 0
0.702038854782 0.007757996920 -0.712096383827 3.432324790700
-0.083189491999 0.993987998147 -0.071185447668 0.221642238865
0.707263002565 0.109213886583 0.698463579709 -1.879777306168
0.000000000000 0.000000000000 0.000000000000 1.000000000000
63 63 0
0.539187823662 0.011106203162 -0.842112310245 3.616906799108
-0.098209031100 0.993920337580 -0.049772972129 0.164846049188
0.836439762939 0.109540014586 0.537000473165 -1.390482414578
0.000000000000 0.000000000000 0.000000000000 1.000000000000
64 64 0
0.423519114495 0.008969847693 -0.905842757596 3.787094586809
-0.103432089120 0.993890455356 -0.038517083118 0.084639310350
0.899962978459 0.110005929767 0.421859375644 -0.887666281281
0.000000000000 0.000000000000 0.000000000000 1.000000000000
65 65 0
0.317780153188 0.014431604015 -0.948054588642 3.851146553480
-0.106597789612 0.994088838586 -0.020598355487 0.049087064798
0.942153217629 0.107606272143 0.317440080497 -0.386099666844
0.000000000000 0.000000000000 0.000000000000 1.000000000000
66 66 0
0.216447172669 0.018135807994 -0.976125869912 3.853693040112
-0.106198695585 0.994331979804 -0.005074543852 -0.020005842891
0.970501137815 0.104761664781 0.217146344875 0.178845420390
0.000000000000 0.000000000000 0.000000000000 1.000000000000
67 67 0
0.084932792322 0.025728012658 -0.996054461439 3.761864363912
-0.105508754865 0.994278380121 0.016685486815 -0.191148640549
0.990784700848 0.103675321017 0.087161369750 0.666914304322
0.000000000000 0.000000000000 0.000000000000 1.000000000000
68 68 0
-0.100879812360 0.038010907208 -0.994172235778 3.597001997666
-0.102333450730 0.993573361029 0.048371904191 -0.242379827623
0.989621709705 0.106616824125 -0.096341706926 1.115064691187
0.000000000000 0.000000000000 0.000000000000 1.000000000000
69 69 0
-0.259521256634 0.075281952524 -0.962798704288 3.412671462673
-0.096324075105 0.989967797526 0.103370365275 -0.305396573554
0.960921635676 0.119567501798 -0.249666222392 1.464101802981
0.000000000000 0.000000000000 0.000000000000 1.000000000000
70 70 0
-0.414815051640 0.080994887098 -0.906293716847 3.044334246617
-0.087366387117 0.987882973931 0.128274487798 -0.295355202694
0.905701709911 0.132389795988 -0.402712496185 1.620369787205
0.000000000000 0.000000000000 0.000000000000 1.000000000000
71 71 0
-0.546471029692 0.083176595335 -0.833337307274 2.657688329130
-0.079606993888 0.985391015452 0.150556544828 -0.258626985557
0.833685876233 0.148614268006 -0.531866204147 1.432513929993
0.000000000000 0.000000000000 0.000000000000 1.000000000000
72 72 0
-0.611122498907 0.092530069259 -0.786109074882 2.253907574517
-0.073135266670 0.982294573421 0.172477835671 -0.287166741557
0.788150064454 0.162897382764 -0.593535103081 1.476359475426
0.000000000000 0.000000000000 0.000000000000 1.000000000000
73 73 0
-0.676944289156 0.093305982900 -0.730096173757 2.002406288088
-0.063427172840 0.980847360327 0.184161476658 -0.421061174754
0.733296272406 0.170974996109 -0.658060884403 1.693793848542
0.000000000000 0.000000000000 0.000000000000 1.000000000000
74 74 0
-0.735923893928 0.048495549954 -0.675325257917 1.868570513531
-0.051754605624 0.990484015136 0.127525983850 -0.384202352748
0.675083315704 0.128800611003 -0.726410985230 1.983928881781
0.000000000000 0.000000000000 0.000000000000 1.000000000000
75 75 0
-0.819391209078 -0.012303210485 -0.573102676225 1.719256423035
-0.041332766705 0.998435393527 0.037661218099 -0.368469456860
0.571742642175 0.054547190248 -0.818617710018 2.075950674033
0.000000000000 0.000000000000 0.000000000000 1.000000000000
76 76 0
-0.874064814289 -0.016274337552 -0.485536658101 1.413388726636
-0.031327373351 0.999246748469 0.022902649476 -0.376758979239
0.484798201421 0.035228988225 -0.873916255878 2.045289373380
0.000000000000 0.000000000000 0.000000000000 1.000000000000
77 77 0
-0.927876421977 -0.009436672287 -0.372768419740 1.111489320326
-0.017390645636 0.999687080323 0.017980736370 -0.345157537138
0.372482094850 0.023166584819 -0.927750181010 2.165967216675
0.000000000000 0.000000000000 0.000000000000 1.000000000000
78 78 0
-0.983397418402 0.002278315212 -0.181450617968 0.918510541351
0.000367932076 0.999944159636 0.010561355803 -0.317735294528
0.181464547797 0.010319248529 -0.983343343397 2.246833459547
0.000000000000 0.000000000000 0.000000000000 1.000000000000
79 79 0
-0.999501329730 0.019684526265 -0.024690307696 0.582110000163
0.018704006591 0.999051050241 0.039333943986 -0.356295757381
0.025441147888 0.038852521640 -0.998921032693 2.457530625029
0.000000000000 0.000000000000 0.000000000000 1.000000000000
80 80 0
-0.993888852874 0.023225212720 0.107914492203 0.277564165899
0.040423771377 0.986283283174 0.160035008793 -0.327036648096
-0.102717412550 0.163419322070 -0.981194811611 2.524877567588
0.000000000000 0.000000000000 0.000000000000 1.000000000000
81 81 0
-0.966114620103 -0.001462153157 0.258109284861 -0.120812208649
0.064088044298 0.967310281691 0.245364099885 -0.315626557231
-0.250030524939 0.253591563429 -0.934438898782 2.722409644814
0.000000000000 0.000000000000 0.000000000000 1.000000000000
82 82 0
-0.922692344940 -0.037812407911 0.383678326724 -0.521539706424
0.081937911144 0.953210791497 0.290990318895 -0.295294849061
-0.376729366133 0.299932340339 -0.876422030709 2.802649864694
0.000000000000 0.000000000000 0.000000000000 1.000000000000
83 83 0
-0.863102739183 -0.096531173816 0.495717050440 -0.986893091521
0.092645548326 0.934641623615 0.343310118963 -0.291015740486
-0.496457917643 0.342237882019 -0.797748561967 2.943619355357
0.000000000000 0.000000000000 0.000000000000 1.000000000000
84 84 0
-0.809761470888 -0.147718631400 0.567860516502 -1.417559335565
0.099403164774 0.919266487998 0.380878110261 -0.279787974820
-0.578277935856 0.364867551285 -0.729702884003 2.889695025565
0.000000000000 0.000000000000 0.000000000000 1.000000000000
85 85 0
-0.734039838628 -0.179158110642 0.655048003354 -1.872823157745
0.108878421066 0.921048640288 0.373918295419 -0.295973548260
-0.670321568155 0.345791517557 -0.656579943078 2.775856460410
0.000000000000 0.000000000000 0.000000000000 1.000000000000
86 86 0
-0.619163645842 -0.180805985751 0.764163317089 -2.268378215498
0.121505194813 0.939352844630 0.320706596313 -0.262730204196
-0.775804657953 0.291419678131 -0.559644265491 2.539364211978
0.000000000000 0.000000000000 0.000000000000 1.000000000000
87 87 0
-0.478042031648 -0.093064395048 0.873392714849 -2.708549440184
0.121221758045 0.977864717570 0.170545828174 -0.229270488825
-0.869931664761 0.187402274547 -0.456179006685 2.324597049955
0.000000000000 0.000000000000 0.000000000000 1.000000000000
88 88 0
-0.382266481545 -0.052165512016 0.922578504217 -2.978288838401
0.112646763264 0.988328174723 0.102557914250 -0.174538450169
-0.917160315219 0.143129935392 -0.371928457881 1.966613292591
0.000000000000 0.000000000000 0.000000000000 1.000000000000
89 89 0
-0.282362939940 -0.041575916093 0.958406288246 -3.202879002498
0.112453263500 0.990737938825 0.076109132836 -0.193262633988
-0.952693777494 0.129266313376 -0.275072329669 1.508600653699
0.000000000000 0.000000000000 0.000000000000 1.000000000000
90 90 0
-0.161202639289 -0.037122486468 0.986222910951 -3.572703978351
0.116371053657 0.991606196976 0.056346499354 -0.129533514034
-0.980036472259 0.123851003698 -0.155529553223 1.003046519990
0.000000000000 0.000000000000 0.000000000000 1.000000000000
91 91 0
-0.052235056349 -0.044419133776 0.997646450123 -3.789187843376
0.119499863087 0.991553907355 0.050404677662 -0.135153215190
-0.991459167899 0.121851505377 -0.046485793819 0.546388993887
0.000000000000 0.000000000000 0.000000000000 1.000000000000
92 92 0
0.098314723682 -0.122960113458 0.987529759352 -3.892639904678
0.122527687587 0.986282507796 0.110606422012 -0.112853642288
-0.987583505777 0.110125498019 0.112032110594 0.108390723858
0.000000000000 0.000000000000 0.000000000000 1.000000000000
93 93 0
0.255254042928 -0.138510288987 0.956901391688 -3.985125817299
0.120273397627 0.986547374737 0.110718504428 -0.055103158787
-0.959364207896 0.086828435690 0.268479309004 -0.399775861685
0.000000000000 0.000000000000 0.000000000000 1.000000000000
94 94 0
0.370067296216 -0.144151439044 0.917752994489 -4.003019663157
0.113694640481 0.987489672494 0.109259669798 0.023757150355
-0.922021542588 0.063910166171 0.381826879178 -0.888552620468
0.000000000000 0.000000000000 0.000000000000 1.000000000000
95 95 0
0.442350910596 -0.145252773577 0.885001301504 -4.036437242272
0.107234270202 0.988284218457 0.108605316828 0.111707767480
-0.890408043084 0.046860807900 0.452744499131 -1.455174406634
0.000000000000 0.000000000000 0.000000000000 1.000000000000
96 96 0
0.509502581808 -0.147902028365 0.847662733130 -4.105910994014
0.102930759140 0.988519368201 0.110610657330 0.229270102109
-0.854290569978 0.030894153131 0.518876838323 -1.971960288839
0.000000000000 0.000000000000 0.000000000000 1.000000000000
97 97 0
0.542658939583 -0.143067182572 0.827679319883 -4.358722479776
0.099237058216 0.989406283585 0.105958540374 0.375888721878
-0.834070309727 0.024637111693 0.551107730993 -2.507487377967
0.000000000000 0.000000000000 0.000000000000 1.000000000000
98 98 0
0.584434530884 -0.139172192981 0.799416899878 -4.429231360957
0.100819249552 0.990002336747 0.098645081756 0.516145866510
-0.805153251269 0.022945019844 0.592622787306 -3.052595252199
0.000000000000 0.000000000000 0.000000000000 1.000000000000
99 99 0
0.636720057697 -0.112706590451 0.762813733880 -4.382539011896
0.099809366464 0.992984417296 0.063403764671 0.654546697162
-0.764608173180 0.035765506809 0.643502268861 -3.656333086392
0.000000000000 0.000000000000 0.000000000000 1.000000000000
100 100 0
0.710396835948 -0.102353854504 0.696318909655 -4.106987973035
0.095611304316 0.994231596243 0.048600530029 0.773145563971
-0.697276712620 0.032050296414 0.716085165702 -3.993862894833
0.000000000000 0.000000000000 0.000000000000 1.000000000000
101 101 0
0.778963603998 -0.090458048841 0.620510310185 -3.623025674762
0.086808848361 0.995568601652 0.036157755072 0.773822539182
-0.621031341795 0.025700210220 0.783364265015 -4.153340114978
0.000000000000 0.000000000000 0.000000000000 1.000000000000
102 102 0
0.853452066961 -0.077103006000 0.515436413019 -3.016592412132
0.072597699522 0.996941807889 0.028924137110 0.737446817204
-0.516090247364 0.012734133234 0.856439547444 -4.035384449548
0.000000000000 0.000000000000 0.000000000000 1.000000000000
103 103 0
0.868011036275 -0.072761109808 0.491184956818 -2.499154201281
0.065450807002 0.997340103842 0.032076613469 0.672053364102
-0.492212385833 0.004305597314 0.870464490410 -3.869902501229
0.000000000000 0.000000000000 0.000000000000 1.000000000000
104 104 0
0.885939163200 -0.071258352345 0.458294715581 -1.953524776248
0.062801511088 0.997457325433 0.033687596298 0.603853948809
-0.459529943871 -0.001063560213 0.888161640427 -3.570502007815
0.000000000000 0.000000000000 0.000000000000 1.000000000000
105 105 0
0.922642168172 -0.063531506990 0.380388192679 -1.432951480065
0.057738949717 0.997976423637 0.026632152558 0.492241722539
-0.381310428910 -0.002608732249 0.924443373777 -3.513727575250
0.000000000000 0.000000000000 0.000000000000 1.000000000000
106 106 0
0.957415798315 -0.050183117200 0.284317857134 -0.849231008758
0.047710317786 0.998739065575 0.015620642451 0.277794877282
-0.284743243491 -0.001390554546 0.958602812245 -3.642878252473
0.000000000000 0.000000000000 0.000000000000 1.000000000000
107 107 0
0.972424988549 -0.042836856056 0.229247999794 -0.310528863259
0.041979888735 0.999081304425 0.008616036806 0.142462971268
-0.229406474599 0.001245356032 0.973329912466 -3.843315044934
0.000000000000 0.000000000000 0.000000000000 1.000000000000
108 108 0
0.997657948074 -0.024776428424 0.063755370282 0.247019036502
0.024490035576 0.999686184731 0.005269745283 0.072148807832
-0.063865928340 -0.003696031979 0.997951643390 -3.994523928649
0.000000000000 0.000000000000 0.000000000000 1.000000000000
109 109 0
0.996116377663 -0.003482180001 -0.087977477657 0.898764862061
0.004197107334 0.999959649069 0.007942576672 0.036609616862
0.087946270202 -0.008280981621 0.996090798522 -4.054567022300
0.000000000000 0.000000000000 0.000000000000 1.000000000000
110 110 0
0.968329187907 0.021338979835 -0.248763405239 1.495054326011
-0.017712321391 0.999701834966 0.016808177653 0.027058313783
0.249047902054 -0.011869671633 0.968418428871 -3.838160425630
0.000000000000 0.000000000000 0.000000000000 1.000000000000
111 111 0
0.922083278674 0.043808429744 -0.384503899426 2.102544892155
-0.036881497038 0.998997435594 0.025374768046 0.021182289136
0.385230038245 -0.009216569887 0.922774551271 -3.576391005472
0.000000000000 0.000000000000 0.000000000000 1.000000000000
112 112 0
0.849096165498 0.066814095771 -0.523995780844 2.534647298994
-0.054084111298 0.997751525019 0.039582865338 -0.007963470449
0.525462282796 -0.005269813047 0.850800575005 -3.158802111962
0.000000000000 0.000000000000 0.000000000000 1.000000000000
113 113 0
0.744808773692 0.090487174457 -0.661114182188 3.014095878183
-0.070686939774 0.995887353535 0.056672176726 -0.025501011931
0.663523358426 0.004522203930 0.748141899973 -2.706577226377
0.000000000000 0.000000000000 0.000000000000 1.000000000000
114 114 0
0.601859821445 0.113429743856 -0.790505185650 3.193074648069
-0.087599572871 0.993265465051 0.075828957334 -0.077755697018
0.793782760057 0.023609513894 0.607742972556 -2.187890588857
0.000000000000 0.000000000000 0.000000000000 1.000000000000
115 115 0
0.466957894273 0.126054903997 -0.875248813855 3.503946625185
-0.098356806177 0.991049664304 0.090257972292 -0.038383731758
0.878792503185 0.043940005258 0.475176822123 -1.729369631522
0.000000000000 0.000000000000 0.000000000000 1.000000000000
116 116 0
0.272197863120 0.134483509555 -0.952797202436 3.871977824795
-0.105177947049 0.988410605904 0.109462658436 -0.084704130186
0.956475782635 0.070417751989 0.283187954259 -1.213571836507
0.000000000000 0.000000000000 0.000000000000 1.000000000000
117 117 0
0.149673259735 0.141246709613 -0.978594544407 4.060569377210
-0.110595214500 0.985924032468 0.125389396405 -0.135269332584
0.982530719036 0.089460433851 0.163187673938 -0.684854651879
0.000000000000 0.000000000000 0.000000000000 1.000000000000
118 118 0
0.042640322256 0.145262681648 -0.988473852076 4.031706961100
-0.109164944509 0.984127456813 0.139914844238 -0.194397631079
0.993108663646 0.101940679164 0.057821104480 -0.123930607885
0.000000000000 0.000000000000 0.000000000000 1.000000000000
119 119 0
-0.057914116773 0.143570737581 -0.987944025939 3.955821891035
-0.104898125290 0.983251767928 0.149038062846 -0.268204830656
0.992795214729 0.112264883988 -0.041883856486 0.455888396112
0.000000000000 0.000000000000 0.000000000000 1.000000000000
120 120 0
-0.147157271238 0.145036584138 -0.978421753020 3.712906572626
-0.098914705737 0.982074361807 0.160455068076 -0.296691915463
0.984154773656 0.120392429761 -0.130173132195 0.909136642936
0.000000000000 0.000000000000 0.000000000000 1.000000000000
121 121 0
-0.167676455595 0.151126324867 -0.974189632552 3.616172044815
-0.096109214339 0.980967176156 0.168719940210 -0.365927352042
0.981146077380 0.121918961764 -0.149960466804 1.519325472742
0.000000000000 0.000000000000 0.000000000000 1.000000000000
122 122 0
-0.177214784862 0.158442573478 -0.971334582385 3.362742073785
-0.091017861897 0.980087719391 0.176476092190 -0.427465961238
0.979954421819 0.119682969586 -0.159264930066 2.103756315746
0.000000000000 0.000000000000 0.000000000000 1.000000000000
123 123 0
-0.298222333788 0.163765797864 -0.940342598780 3.164593561670
-0.073941841804 0.978247162511 0.193817164021 -0.617547690477
0.951628101550 0.127331270664 -0.279626007107 2.622595928225
0.000000000000 0.000000000000 0.000000000000 1.000000000000
124 124 0
-0.423348802593 0.166144731311 -0.890601886143 2.965097844879
-0.062836964884 0.975288075327 0.211812856005 -0.854240715601
0.903784989468 0.145633438408 -0.402447008226 2.943336695019
0.000000000000 0.000000000000 0.000000000000 1.000000000000
125 125 0
-0.632499321332 0.181263551078 -0.753052543695 2.885390189751
-0.037328059843 0.963968490906 0.263384442383 -0.916820385590
0.773660923443 0.194700471473 -0.602943199601 3.336218534876
0.000000000000 0.000000000000 0.000000000000 1.000000000000
126 126 0
-0.764283717786 0.177866897896 -0.619865925309 2.542261533176
-0.026087142185 0.951896832998 0.305306207504 -0.945380561170
0.644352279222 0.249511093863 -0.722879211418 3.641517893862
0.000000000000 0.000000000000 0.000000000000 1.000000000000
127 127 0
-0.826155810830 0.166962949064 -0.538135624050 2.089437791196
-0.026860205923 0.942330088939 0.333605354899 -0.942319570499
0.562801124350 0.290064436150 -0.774026819504 3.973853565293
0.000000000000 0.000000000000 0.000000000000 1.000000000000
128 128 0
-0.880663217083 0.150469790978 -0.449211687382 1.583999119740
-0.017892455939 0.936977473391 0.348931331895 -0.944957695627
0.473404856437 0.315328489612 -0.822469321945 4.063910905047
0.000000000000 0.000000000000 0.000000000000 1.000000000000
129 129 0
-0.941249245993 0.123406355710 -0.314357643914 1.070487793705
0.002171663110 0.933035985537 0.359776505031 -0.941243043766
0.337705701457 0.337956685188 -0.878487414901 4.220035203314
0.000000000000 0.000000000000 0.000000000000 1.000000000000
130 130 0
-0.982039704892 0.086268944088 -0.167796565223 0.538354727373
0.019877885241 0.931702503725 0.362677975937 -0.871102962944
0.187624325963 0.352828731593 -0.916683695977 4.110347631472
0.000000000000 0.000000000000 0.000000000000 1.000000000000
131 131 0
-0.998752718243 0.044491605268 -0.022660645701 0.116561977160
0.033630724472 0.934899089761 0.353316665804 -0.714104273828
0.036905042669 0.352113886440 -0.935229292100 4.137410293671
0.000000000000 0.000000000000 0.000000000000 1.000000000000
132 132 0
-0.999714670151 0.017431668113 0.016331418554 0.108774638535
0.022045270295 0.936551290921 0.349836655501 -0.423846392236
-0.009196974657 0.350096867197 -0.936668350718 3.778690883755
0.000000000000 0.000000000000 0.000000000000 1.000000000000
133 133 0
-0.999194410311 0.009738753765 0.038931826047 0.182075180940
0.022649723242 0.937684161966 0.346749769192 -0.281208606340
-0.033128846060 0.347352226238 -0.937149353351 3.353292948818
0.000000000000 0.000000000000 0.000000000000 1.000000000000
134 134 0
-0.999238239825 0.012449708138 0.036985738313 0.610774527494
0.024656166819 0.936029532492 0.351056673118 -0.136736037414
-0.030249190222 0.351701178659 -0.935623464552 2.934145650210
0.000000000000 0.000000000000 0.000000000000 1.000000000000
135 135 0
-0.999200288690 0.028349980844 -0.028196837909 0.820249263533
0.016062324498 0.930381618388 0.366240420895 -0.059406392979
0.036616728604 0.365494627528 -0.930092948277 2.514447990391
0.000000000000 0.000000000000 0.000000000000 1.000000000000
136 136 0
-0.982533282874 0.067929199855 -0.173245409324 0.934623655735
-0.002737851010 0.925614079511 0.378458822043 0.035660465681
0.186066795041 0.372322708974 -0.909260660188 2.165974263927
0.000000000000 0.000000000000 0.000000000000 1.000000000000
137 137 0
-0.950091198131 0.125332635010 -0.285689421988 0.805909165515
-0.003764639390 0.911079886196 0.412212649563 0.270533971279
0.311949583627 0.392715127760 -0.865137148494 1.940398505556
0.000000000000 0.000000000000 0.000000000000 1.000000000000
138 138 0
-0.921003237164 0.178540362571 -0.346231679756 0.762125381437
0.006633743156 0.895847145569 0.444312823614 0.599246823030
0.389498434638 0.406916736827 -0.826262511981 1.906605226883
0.000000000000 0.000000000000 0.000000000000 1.000000000000
139 139 0
-0.918643198553 0.170870284453 -0.356227482997 0.761980652683
0.026695940857 0.926425236267 0.375531101707 0.800450243578
0.394185236270 0.335469264611 -0.855615785273 1.868365435960
0.000000000000 0.000000000000 0.000000000000 1.000000000000
140 140 0
-0.927614810663 0.122303614599 -0.352948422430 0.716788765096
0.039887365521 0.971908590380 0.231954068767 0.883405958504
0.371402424751 0.201085846846 -0.906435172027 1.754004468799
0.000000000000 0.000000000000 0.000000000000 1.000000000000
141 141 0
-0.950884459056 0.062263897250 -0.303219314400 0.737136019903
0.046647159979 0.997197927243 0.058483641889 0.786679940999
0.306011091289 0.041466866314 -0.951124445594 1.732422919318
0.000000000000 0.000000000000 0.000000000000 1.000000000000
142 142 0
-0.963877406822 0.020802506779 -0.265532672810 0.791329182689
0.044215654742 0.995609459613 -0.082503210882 0.671915233694
0.262650567282 -0.091263681943 -0.960565260596 1.729297300946
0.000000000000 0.000000000000 0.000000000000 1.000000000000
143 143 0
-0.968825110800 -0.013615987954 -0.247371197911 0.844676133740
0.039899988662 0.976878779629 -0.210037712842 0.556918605188
0.244511544898 -0.213359918409 -0.945881414147 1.766650873442
0.000000000000 0.000000000000 0.000000000000 1.000000000000
144 144 0
-0.972516854261 -0.037325608430 -0.229821163371 0.802841705573
0.036819186963 0.949992432877 -0.310094703191 0.405304318034
0.229902839585 -0.310034153653 -0.922509353838 1.828269439747
0.000000000000 0.000000000000 0.000000000000 1.000000000000
145 145 0
-0.979196682755 -0.036129373105 -0.199671041667 0.760538532018
0.030728543994 0.946269264588 -0.321916503896 -0.039449594175
0.200573211236 -0.321355173127 -0.925473521846 1.837598277438
0.000000000000 0.000000000000 0.000000000000 1.000000000000
146 146 0
-0.986635135658 0.002431104259 -0.162926973881 0.730483928720
0.030506161568 0.984965075275 -0.170038744396 -0.142231405667
0.160063997177 -0.172736476233 -0.971875314321 2.102158293592
0.000000000000 0.000000000000 0.000000000000 1.000000000000
147 147 0
-0.989248247644 0.032375505377 -0.142617429456 0.587771802914
0.034566007720 0.999319055723 -0.012907981237 -0.185949056766
0.142102412518 -0.017698912987 -0.989693716680 2.328075092844
0.000000000000 0.000000000000 0.000000000000 1.000000000000
148 148 0
-0.998921122129 0.046289226267 0.003728175893 0.355119309670
0.046406742544 0.992005447737 0.117352485724 -0.299677753411
0.001733784969 0.117398889223 -0.993083327218 2.641842655398
0.000000000000 0.000000000000 0.000000000000 1.000000000000
149 149 0
-0.997213467373 0.038569818415 0.063856633152 0.125299778828
0.053281137491 0.967351254586 0.247775443979 -0.365068339056
-0.052215140311 0.250487363671 -0.966710742551 2.919549254108
0.000000000000 0.000000000000 0.000000000000 1.000000000000
150 150 0
-0.983080041002 0.017663810046 0.182322853196 -0.336047970015
0.074165693530 0.948488556706 0.308007966945 -0.351230180340
-0.167490545662 0.316318585627 -0.933750217939 3.026602657024
0.000000000000 0.000000000000 0.000000000000 1.000000000000
151 151 0
-0.932294210896 -0.025238023559 0.360819271237 -0.883322902692
0.098204593746 0.942428439061 0.319663096112 -0.322072284628
-0.348114007325 0.333454163890 -0.876142088070 2.889804726957
0.000000000000 0.000000000000 0.000000000000 1.000000000000
152 152 0
-0.857025319725 -0.084998203680 0.508215413699 -1.366572134265
0.106697110578 0.935650271208 0.336413876918 -0.285021697557
-0.504106464890 0.342540326618 -0.792806910096 2.685464512179
0.000000000000 0.000000000000 0.000000000000 1.000000000000
153 153 0
-0.799185229419 -0.127187082020 0.587474608171 -2.021268958302
0.102787214308 0.934043973822 0.342047721148 -0.263210717364
-0.592231169100 0.333744364948 -0.733400941649 2.713952897671
0.000000000000 0.000000000000 0.000000000000 1.000000000000
154 154 0
-0.716311772160 -0.174569133326 0.675590898958 -2.606745752540
0.108314720944 0.928646530383 0.354800708617 -0.294108650970
-0.689322396482 0.327324364046 -0.646292034927 2.479688761250
0.000000000000 0.000000000000 0.000000000000 1.000000000000
155 155 0
-0.588730082709 -0.210260047053 0.780504709996 -3.227471717754
0.118370915499 0.932742553855 0.340557857922 -0.326115110421
-0.799615667729 0.292885712935 -0.524244926615 2.192493713917
0.000000000000 0.000000000000 0.000000000000 1.000000000000
156 156 0
-0.493577457878 -0.231426271584 0.838345497928 -3.753121442596
0.112619350970 0.938822417176 0.325467895183 -0.273215190958
-0.862379368296 0.255057542190 -0.437318505565 1.835653047208
0.000000000000 0.000000000000 0.000000000000 1.000000000000
157 157 0
-0.366465224454 -0.252752474147 0.895443703467 -4.217252462015
0.116300513845 0.942404584790 0.313604510564 -0.205313129846
-0.923134567517 0.219065710186 -0.315963265073 1.497125993290
